310 310 310 310 310 310 310 310 310 310 310 310 310 310 310 310 310 310 310 310 310 312 312 313 313 310  
310 310 310 310 310 310 310 310 310 310 310 310 310 310 310 312 312 312 312 310 310 312 312 312 313 310  
310 310 310 310 310 310 310 310 310 310 310 310 310 310 310 312 312 312 312 312 312 312 312 312 313 310 
314 314 314 314 314 314 310 310 310 311 311 311 311 311 312 312 312 312 312 312 312 312 312 313 313 310
314 314 314 314 314 314 310 310 310 311 310 310 310 310 312 312 312 312 312 312 312 312 312 313 313 310  
314 314 314 314 314 314 310 310 310 311 310 310 310 310 310 312 312 312 312 312 312 312 313 313 313 310  
314 314 314 314 314 314 314 311 311 311 310 310 310 310 310 310 310 312 312 312 312 312 313 310 310 310  
314 314 314 314 314 314 310 310 310 311 310 310 310 310 310 310 310 312 313 313 313 313 313 310 310 310  
314 314 314 314 314 310 310 310 310 311 310 310 310 310 310 310 310 313 313 310 310 310 310 310 310 310  
310 310 310 310 310 310 310 310 311 311 310 310 310 310 310 310 310 310 310 311 311 311 311 310 310 310  
310 310 310 310 310 310 310 310 311 311 311 311 311 311 311 311 311 311 311 311 310 310 311 310 310 310  
310 310 310 310 310 310 310 310 311 311 310 310 310 310 310 310 310 310 310 310 310 310 311 310 310 310  
310 310 310 310 310 310 310 310 311 311 310 310 310 310 310 310 310 310 310 310 310 310 311 310 310 310  
310 310 310 310 310 310 310 310 311 311 311 311 311 311 311 311 311 311 311 311 311 311 311 310 310 310  
310 310 310 310 310 310 310 310 311 311 310 310 310 310 310 310 310 310 310 310 310 310 310 310 310 310  
310 310 310 310 310 310 310 310 311 311 310 310 310 310 310 310 310 310 310 310 310 310 310 310 310 310 
310 310 310 310 310 310 310 310 310 310 310 310 310 310 310 310 310 310 310 310 310 310 310 310 310 310 
